G = 6.67259e-11;
M = 7.3477e+22;
G*M/1737013^2